100.0,95.0,
96.56,94.0,
100.0,100.0,
85.18,96.0,
86.02,91.8,
77.81,95.0,
92.56,99.7,
93.0,95.0,
100.0,97.9,
95.8,99.0,
87.66,85.0,
81.7,98.0,
83.62,94.0,
99.79,96.0,
98.39,97.0,
100.0,99.5,
79.59,100.0,
87.0,97.5,
86.26,100.0,
87.95,90.8,
92.46,100.0,
87.13,94.0,
94.36,96.0,
94.6,99.0,
100.0,96.0,
95.32,97.5,
73.0,95.6,
95.61,89.0,
89.23,98.5,
74.36,92.5,
100.0,99.0,
84.78,98.0,
100.0,100.0,
100.0,99.0,
94.13,88.0,
100.0,94.0,
99.25,97.0,
78.31,100.0,
99.73,95.4,
94.63,80.0,
100.0,80.0,
97.79,93.0,
87.49,100.0,
100.0,95.0,
77.11,93.0,
73.0,96.0,
100.0,98.5,
100.0,76.0,
79.59,94.0,
73.0,90.0,
84.1,92.0,
86.47,97.8,
85.49,95.0,
100.0,99.0,
100.0,97.1,
97.38,99.0,
81.44,97.8,
79.59,98.0,
79.59,97.0,
73.0,98.0,
90.71,92.0,
79.59,69.99,
91.79,99.0,
95.29,98.0,
89.06,0.0,
100.0,99.0,
86.58,99.0,
90.5,85.0,
86.83,75.0,
98.14,97.0,
79.59,97.0,
83.1,92.0,
74.59,93.0,
73.0,95.0,
90.75,96.0,
100.0,93.0,
73.0,85.0,
73.0,92.25,
100.0,100.0,
91.58,89.0,
79.59,100.0,
97.6,96.0,
100.0,0.0,
73.0,93.0,
88.0,95.0,
84.38,98.0,
92.12,69.99,
89.54,69.99,
78.93,0.0,
97.13,99.0,
75.21,92.0,
70.0,89.9,
93.67,89.0,
100.0,97.0,
73.0,68.0,
87.29,69.99,
87.87,69.99,
91.69,69.99,
84.03,69.99,
87.49,69.99,
95.9,69.99,
84.94,69.99,
73.0,69.99,
77.39,69.99,
92.88,69.99,
97.66,69.99,
100.0,69.99,
83.9,69.99,
79.59,69.99,
100.0,69.99,
79.59,69.99,
79.59,69.99,
95.1,69.99,
79.59,69.99,
93.15,99.0,
79.59,69.99,
79.59,69.99,
85.07,99.0,
97.73,99.0,
79.59,76.0,
76.23,69.99,
85.19,82.0,
95.0,99.0,
76.69,94.0,
100.0,96.0,
76.45,0.0,
83.17,39.0,
73.0,88.0,
100.0,99.0,
97.95,96.5,
97.78,69.99,
80.18,99.0,
90.93,69.0,
89.56,69.99,
73.0,69.99,
55.73,86.0,
89.84,69.99,
100.0,100.0,
98.12,69.99,
0.0,69.99,
